[gd_scene format=3 uid="uid://cyk2v526u5qxg"]

[ext_resource type="PackedScene" uid="uid://bvchecf5a0r15" path="res://scenes/player.tscn" id="1_o5qli"]
[ext_resource type="PackedScene" uid="uid://dx3nhy6fwqfmr" path="res://scenes/cuberd.tscn" id="2_0wfyh"]

[sub_resource type="PhysicsMaterial" id="PhysicsMaterial_0wfyh"]

[sub_resource type="PlaneMesh" id="PlaneMesh_sugp2"]

[sub_resource type="StandardMaterial3D" id="StandardMaterial3D_0wfyh"]
albedo_color = Color(0.36760017, 0.41712326, 0.3504546, 1)

[sub_resource type="WorldBoundaryShape3D" id="WorldBoundaryShape3D_o5qli"]

[node name="main" type="Node3D" unique_id=660451211]

[node name="player" parent="." unique_id=1076470779 instance=ExtResource("1_o5qli")]
transform = Transform3D(1, 0, 0, 0, 1, 0, 0, 0, 1, -12.405389, 25.74241, 35.063736)

[node name="StaticBody3D" type="StaticBody3D" parent="." unique_id=1545545904]
physics_material_override = SubResource("PhysicsMaterial_0wfyh")

[node name="MeshInstance3D" type="MeshInstance3D" parent="StaticBody3D" unique_id=254536892]
transform = Transform3D(119.155846, 0, 0, 0, 1, 0, 0, 0, 200, 0, 0, 0)
mesh = SubResource("PlaneMesh_sugp2")
surface_material_override/0 = SubResource("StandardMaterial3D_0wfyh")

[node name="CollisionShape3D" type="CollisionShape3D" parent="StaticBody3D" unique_id=96489741]
transform = Transform3D(1, 0, 0, 0, 1, 0, 0, 0, 1, -0.041499138, -2.3841858e-07, 0.0019197464)
shape = SubResource("WorldBoundaryShape3D_o5qli")

[node name="DirectionalLight3D" type="DirectionalLight3D" parent="." unique_id=504661164]
transform = Transform3D(0.32077828, -0.88890374, -0.3270346, 0.9051622, 0.18603277, 0.38219532, -0.2788958, -0.41861925, 0.8642773, -17.268442, 35.494774, 42.325867)
light_color = Color(1, 1, 0.9372549, 1)
shadow_enabled = true

[node name="StaticBody3D2" parent="." unique_id=282728119 instance=ExtResource("2_0wfyh")]
transform = Transform3D(1, 0, 0, 0, 1, 0, 0, 0, 1, 9, 0.5, -13)

[node name="StaticBody3D3" parent="." unique_id=2023399412 instance=ExtResource("2_0wfyh")]
transform = Transform3D(0.99999225, -0.0020096013, 0.0033597471, 0.002018306, 0.99999464, -0.0025881205, -0.0033545252, 0.0025948852, 0.99999094, -0.929, 0.5, -26)

[node name="StaticBody3D4" parent="." unique_id=682075223 instance=ExtResource("2_0wfyh")]
transform = Transform3D(1, 0, 0, 0, 1, 0, 0, 0, 1, -4.4179373, 0.5, -15.543626)

[node name="StaticBody3D5" parent="." unique_id=1317138772 instance=ExtResource("2_0wfyh")]
transform = Transform3D(1, 0, 0, 0, 1, 0, 0, 0, 1, 3, 0.5, -69.454)

[node name="StaticBody3D6" parent="." unique_id=1580502527 instance=ExtResource("2_0wfyh")]
transform = Transform3D(1, 0, 0, 0, 1, 0, 0, 0, 1, -4, 0.5, -46)

[node name="StaticBody3D7" parent="." unique_id=422083338 instance=ExtResource("2_0wfyh")]
transform = Transform3D(1, 0, 0, 0, 1, 0, 0, 0, 1, 7.0128965, 0.4630642, -23)

[node name="StaticBody3D8" parent="." unique_id=151249418 instance=ExtResource("2_0wfyh")]
transform = Transform3D(1, 0, 0, 0, 1, 0, 0, 0, 1, -12.323177, 0.5, -75.19345)

[node name="StaticBody3D9" parent="." unique_id=2043688914 instance=ExtResource("2_0wfyh")]
transform = Transform3D(0.99999225, -0.0020096013, 0.0033597471, 0.002018306, 0.99999464, -0.0025881205, -0.0033545252, 0.0025948852, 0.99999094, -22.252178, 0.5, -88.19345)

[node name="StaticBody3D10" parent="." unique_id=276701105 instance=ExtResource("2_0wfyh")]
transform = Transform3D(1, 0, 0, 0, 1, 0, 0, 0, 1, -25.741116, 0.5, -77.737076)

[node name="StaticBody3D11" parent="." unique_id=332075315 instance=ExtResource("2_0wfyh")]
transform = Transform3D(1, 0, 0, 0, 1, 0, 0, 0, 1, -18.323177, 0.5, -131.64746)

[node name="StaticBody3D12" parent="." unique_id=1653958304 instance=ExtResource("2_0wfyh")]
transform = Transform3D(1, 0, 0, 0, 1, 0, 0, 0, 1, -25.323177, 0.5, -108.19344)

[node name="StaticBody3D13" parent="." unique_id=991785714 instance=ExtResource("2_0wfyh")]
transform = Transform3D(1, 0, 0, 0, 1, 0, 0, 0, 1, -14.31028, 0.5, -85.19345)

[node name="StaticBody3D14" parent="." unique_id=1054709206 instance=ExtResource("2_0wfyh")]
transform = Transform3D(25, 0, 0, 0, 25, 0, 0, 0, 25, -14.223, 12.5, 35.424)

[node name="StaticBody3D15" parent="." unique_id=1347832644 instance=ExtResource("2_0wfyh")]
transform = Transform3D(0.99999225, -0.0020096013, 0.0033597471, 0.002018306, 0.99999464, -0.0025881205, -0.0033545252, 0.0025948852, 0.99999094, -24.15213, 0.5, 22.423729)

[node name="StaticBody3D16" parent="." unique_id=219219476 instance=ExtResource("2_0wfyh")]
transform = Transform3D(1, 0, 0, 0, 1, 0, 0, 0, 1, -27.641068, 0.5, 32.880104)

[node name="StaticBody3D17" parent="." unique_id=603006868 instance=ExtResource("2_0wfyh")]
transform = Transform3D(1, 0, 0, 0, 1, 0, 0, 0, 1, -20.22313, 0.5, -21.030281)

[node name="StaticBody3D18" parent="." unique_id=533653712 instance=ExtResource("2_0wfyh")]
transform = Transform3D(1, 0, 0, 0, 1, 0, 0, 0, 1, -27.22313, 0.5, 2.423729)

[node name="StaticBody3D19" parent="." unique_id=1645474596 instance=ExtResource("2_0wfyh")]
transform = Transform3D(1, 0, 0, 0, 1, 0, 0, 0, 1, -16.210232, 0.5, 25.423729)
